44672|3
44673|4
44631|1
44669|*
44670|6
44668|6
44667|2
44666|4
44694|4
44695|4
44696|4
44665|4
44681|3
44693|3
44692|*
44664|2
44663|4
44691|4
44662|2
44689|3
44661|3
44690|4
44660|4
44687|*
44688|4
44682|3
44684|4
44685|*
44686|*
44659|3
44683|4
44658|3
4954|5
44657|*
44656|5
44652|*
44655|3
44654|4
44653|4
44651|5
44650|2
44630|4
44648|5
44649|2
44647|3
44646|3
44645|7
44644|4
44643|*
44642|*
44641|2
44640|3
44639|4
44638|1
44637|4
44636|2
44634|*
44635|4
44633|4
44632|3
44674|2
44675|3
4875|3
4910|4
4927|5
4928|4
4929|*
4926|3
44418|5
44274|*
44412|3
44413|3
44414|3
44415|4
44416|*
4925|4
44411|4
44417|4
44151|*
44407|3
44602|*
44406|4
44408|2
44409|2
44410|3
4911|*
44152|*
4924|5
44404|4
44405|3
44601|*
4947|1
44396|6
44401|4
44402|2
44403|3
44394|4
44395|*
4912|*
4946|*
44391|4
44392|3
44393|3
44400|3
44399|3
44397|2
44398|*
44600|*
4922|3
4923|*
44599|6
44388|5
44389|5
44390|4
44598|3
4877|*
44382|4
44383|4
44387|5
4921|*
44373|2
44374|3
44380|8
44381|5
44384|4
44385|4
44386|4
4914|5
4915|2
44285|5
44286|*
44287|3
4916|5
4917|4
44283|4
44284|3
44375|3
44376|3
44377|2
44378|3
44379|3
44371|4
44282|3
44293|4
44294|4
44295|3
44296|5
44297|5
44372|*
44369|4
44370|*
44291|*
44292|*
4898|5
44288|4
44289|4
44290|4
44367|3
44368|*
44360|*
44362|2
4913|3
44226|2
44227|4
44281|4
44361|3
44363|4
44364|4
44365|*
44366|3
4901|3
44275|*
44276|*
44277|*
44280|4
4900|3
44228|4
44229|3
44233|3
44237|3
44278|1
44279|3
44597|4
44231|*
44232|*
44234|2
44235|2
44236|4
44354|*
44355|4
44358|3
44359|5
44267|3
44353|3
44596|3
4899|*
4948|*
44230|4
44268|2
44269|3
44270|3
44271|1
44273|3
44350|3
44356|3
44357|5
90714|3
4908|1
44272|1
44340|4
44342|*
44351|4
44352|3
4909|4
4945|5
44339|*
44341|4
44344|3
44346|*
44347|1
44349|5
44266|2
44303|4
44338|5
44343|2
44345|2
44265|*
44324|4
44325|3
44348|*
44224|1
44225|5
44334|*
44335|5
44336|4
44337|3
4904|3
4905|5
44251|4
44257|*
44258|1
44259|4
44323|*
44222|3
44223|1
44264|2
44322|2
44326|3
44327|2
44333|7
4907|5
44250|4
44255|3
44256|3
44260|5
44261|4
44262|3
44263|1
44330|3
44332|3
44247|3
44248|5
44249|5
44252|5
44253|2
44254|3
44320|4
44321|3
44328|1
44329|3
44331|3
4906|5
44246|2
44317|3
44318|5
44243|3
44245|2
44319|4
44244|2
44309|2
44316|4
44307|2
44308|1
44315|4
44310|2
44594|5
44595|3
44238|4
44239|4
44242|4
44311|5
44314|2
44153|4
44241|3
44313|2
4902|*
44240|5
44312|2
44593|3
4903|*
4920|*
44166|7
4918|*
44165|*
44566|*
4919|*
44304|4
44306|2
44164|3
44305|6
44592|6
4878|3
44163|4
44169|3
44170|8
44488|3
4879|4
44162|*
44565|*
44591|*
89446|2
4880|4
44156|3
44157|4
44158|5
44159|3
44160|*
44167|3
44168|6
44161|1
90484|4
4881|*
44171|4
44173|3
4882|2
4883|4
4897|4
44172|1
44487|1
44586|1
44587|6
44588|1
44589|*
4884|4
44174|*
44175|1
44564|5
44590|1
90538|4
44176|*
44177|3
44302|4
44484|4
44563|2
44583|2
44584|2
44585|2
89447|4
44578|*
44580|4
44582|4
44483|4
44579|3
44581|*
44577|1
4885|1
44575|4
44482|1
44574|1
44576|3
44207|3
44571|*
44573|6
4895|4
44208|2
44209|4
44210|4
44214|3
44481|4
44569|*
44572|3
44211|1
44212|3
44213|*
44216|2
44570|2
44180|5
44181|5
44215|2
44217|4
44218|*
44219|4
44220|5
44480|7
44485|3
44486|2
4896|*
44221|2
44567|*
44568|6
4894|5
44206|3
44188|3
44189|2
44192|4
44193|4
44197|4
44198|4
44203|4
4876|*
4887|4
44191|3
44196|5
44205|3
4893|5
4935|4
44186|4
44187|4
44194|4
44202|4
44204|3
44462|4
44190|3
44195|*
44199|6
44200|3
44201|1
44463|3
44479|3
4892|5
44178|4
44184|4
44185|2
44467|3
44478|2
44466|4
44476|5
44179|*
44468|4
44475|3
44477|5
44464|3
44465|*
44474|2
44301|4
44182|3
44183|3
44472|2
4934|7
44471|5
44473|4
44469|4
44470|3
4933|4
4888|5
4889|*
4891|4
44458|3
44459|3
44460|4
44461|2
44457|2
4932|6
44456|3
44154|4
44155|*
44300|2
44446|*
44455|3
4890|4
44441|1
44442|5
44443|2
44444|4
44445|2
44454|2
44298|4
44299|4
44453|*
44452|*
4886|*
44440|2
44451|5
44450|4
4931|*
44439|2
44449|3
44438|2
44447|5
44448|5
4930|6
44434|3
44435|2
44433|4
44436|4
44437|4
44428|4
44429|2
44430|3
44431|4
44432|*
44427|4
44426|2
44425|2
44419|2
44420|4
44421|5
44422|5
44423|3
44424|2
